[basic]
_autoRunScriptPath=D:\P\HarmoSpray\bin\release/scripts/main.lua
auto_speed_rate=100
enable_servo_on_power_on=1
manual_speed_rate=28
[communication]
server_ip=127.0.0.1
[etc]
limit_max_pos=9.5129e+06 4.4698e+06 4.157e+06 6.046e+06 4.0123e+06 983830 2.14748e+09 2.14748e+09 2.14748e+09 2.14748e+09
limit_max_vel=6.08781e+06 6.12945e+06 6.13909e+06 3.69459e+06 3.678e+06 601228 4.29497e+09 4.29497e+09 4.29497e+09 4.29497e+09
limit_min_pos=-9.5129e+06 -4.4698e+06 -8.93e+06 -6.046e+06 -4.0123e+06 -983830 -2.14748e+09 -2.14748e+09 -2.14748e+09 -2.14748e+09
simMode=1
